2.027407837386866196e-01 9.907751005206355543e-01
2.051373441807209097e-01 9.905573380411994977e-01
2.075622339102641822e-01 9.902906904843140623e-01
2.100157878024635771e-01 9.900527172332922454e-01
2.124983446909619877e-01 9.898452868566668394e-01
2.150102474146908527e-01 9.895757844892790756e-01
2.175518428652155611e-01 9.893201829668372138e-01
2.201234820346411047e-01 9.890771698986705607e-01
2.227255200640837485e-01 9.888443585031109206e-01
2.253583162927156880e-01 9.885888846494421678e-01
2.280222343073895208e-01 9.883162631773318996e-01
2.307176419928491651e-01 9.880639053348542200e-01
2.334449115825344701e-01 9.877796820167356051e-01
2.362044197099864851e-01 9.874710981572162316e-01
2.389965474608599649e-01 9.871317894711918450e-01
2.418216804255510499e-01 9.868166459770464360e-01
2.446802087524470870e-01 9.865329934499248443e-01
2.475725272018056144e-01 9.861921335847859682e-01
2.504990352002705034e-01 9.858592263038570280e-01
2.534601368960324730e-01 9.855281134155355893e-01
2.564562412146412784e-01 9.852178007475833610e-01
2.594877619154786208e-01 9.848635750061751626e-01
2.625551176488972738e-01 9.845139720557535279e-01
2.656587320140367248e-01 9.841583125809112431e-01
2.687990336173216033e-01 9.837702814746666080e-01
2.719764561316521667e-01 9.833904675975079224e-01
2.751914383562937827e-01 9.829486311384743047e-01
2.784444242774750666e-01 9.825380181843756944e-01
2.817358631297017801e-01 9.821391954853689876e-01
2.850662094577958161e-01 9.816967310146562653e-01
2.884359231796672085e-01 9.812545934057680386e-01
2.918454696498288259e-01 9.808118199295997597e-01
2.952953197236610206e-01 9.803707384163059535e-01
2.987859498224365584e-01 9.799114610323660379e-01
3.023178419991138233e-01 9.794509986023361980e-01
3.058914840049082318e-01 9.789819636659011781e-01
3.095073693566498529e-01 9.784662177179984655e-01
3.131659974049378348e-01 9.779525355500303663e-01
3.168678734031003530e-01 9.773829877462480997e-01
3.206135085769694082e-01 9.768385838760339501e-01
3.244034201954809626e-01 9.763125267288754738e-01
3.282381316421091877e-01 9.757244086181339204e-01
3.321181724871452579e-01 9.751409431109695491e-01
3.360440785608304615e-01 9.745450738523069312e-01
3.400163920273541751e-01 9.739790094132464437e-01
3.440356614597258611e-01 9.733488927136537683e-01
3.481024419155328564e-01 9.727232879985235892e-01
3.522172950135931679e-01 9.720935287154379711e-01
3.563807890115145427e-01 9.714158423145593524e-01
3.605934988841705269e-01 9.707257587225830431e-01
3.648560064031036165e-01 9.699707868065992056e-01
3.691689002168678235e-01 9.692700339127764408e-01
3.735327759323202601e-01 9.685471552567194164e-01
3.779482361968740656e-01 9.677718018990925097e-01
3.824158907817232778e-01 9.670050793901694419e-01
3.869363566660519171e-01 9.662115212257694763e-01
3.915102581222382749e-01 9.654405459432683356e-01
3.961382268020661179e-01 9.646005121774335889e-01
4.008209018239556332e-01 9.637692187462646443e-01
4.055589298612246596e-01 9.629240239681561286e-01
4.103529652313943066e-01 9.620167184262422566e-01
4.152036699865490066e-01 9.610996046484832078e-01
4.201117140047657128e-01 9.601329012679848951e-01
4.250777750826233436e-01 9.591597491270439368e-01
4.301025390288060191e-01 9.582103923046820793e-01
4.351866997588124120e-01 9.571843208614403409e-01
4.403309593907850372e-01 9.561491211492660902e-01
4.455360283424723011e-01 9.550965420421965169e-01
4.508026254293360791e-01 9.540507011497044720e-01
4.561314779638199757e-01 9.529475126837309018e-01
4.615233218557903139e-01 9.518264621416625548e-01
4.669789017141648957e-01 9.506897605556969832e-01
4.724989709497424140e-01 9.494959372281860377e-01
4.780842918792480578e-01 9.482803833294249918e-01
4.837356358306089121e-01 9.469821067163084471e-01
4.894537832494734730e-01 9.457029822641384031e-01
4.952395238069905448e-01 9.444153760447474566e-01
5.010936565088622840e-01 9.430573263731938383e-01
5.070169898056857694e-01 9.416782744421892115e-01
5.130103417046000258e-01 9.402816934774523849e-01
5.190745398822512735e-01 9.388738105906749842e-01
5.252104217990951618e-01 9.374007039771879990e-01
5.314188348150485908e-01 9.358939428485710810e-01
5.377006363065098826e-01 9.343764951635477045e-01
5.440566937847614026e-01 9.327675053819410866e-01
5.504878850157722825e-01 9.311611404261288527e-01
5.569950981414172331e-01 9.294181785318627043e-01
5.635792318021278779e-01 9.277182612158847430e-01
5.702411952609942603e-01 9.259977276157920212e-01
5.769819085293333982e-01 9.241710605021874470e-01
5.838023024937422090e-01 9.223480564302751761e-01
5.907033190446517867e-01 9.204660504500182805e-01
5.976859112064016877e-01 9.185619956873387615e-01
6.047510432688518733e-01 9.165875651364632226e-01
6.118996909205505208e-01 9.145725116328384807e-01
6.191328413834753519e-01 9.125183154747471548e-01
6.264514935493680214e-01 9.103702860310041167e-01
6.338566581176809933e-01 9.082210417338533182e-01
6.413493577351533359e-01 9.059279367771366775e-01
6.489306271370377521e-01 9.036170829019396500e-01
6.566015132899967188e-01 9.013008836411511293e-01
6.643630755366873863e-01 8.988740572162229325e-01
6.722163857420559996e-01 8.963939555185956864e-01
6.801625284413617134e-01 8.938797202852198920e-01
6.882026009899495644e-01 8.913229086457605810e-01
6.963377137147944707e-01 8.886604020199887488e-01
7.045689900678366868e-01 8.859527745519064634e-01
7.128975667811289219e-01 8.831820281225869484e-01
7.213245940238185439e-01 8.803097115131979233e-01
7.298512355609848568e-01 8.773779818524223284e-01
7.384786689143536531e-01 8.743285488219929569e-01
7.472080855249129128e-01 8.712217132436242961e-01
7.560406909174484102e-01 8.681141119035369336e-01
7.649777048670265422e-01 8.648282400234796885e-01
7.740203615674439153e-01 8.615158945010541469e-01
7.831699098016686733e-01 8.580857966342995136e-01
7.924276131142957702e-01 8.546442052571719961e-01
8.017947499860418326e-01 8.510477897652768409e-01
8.112726140103025951e-01 8.473829850801870567e-01
8.208625140717960011e-01 8.436355809076038215e-01
8.305657745273188342e-01 8.397601917851313935e-01
8.403837353886387529e-01 8.357977081731466917e-01
8.503177525075492627e-01 8.316679101735535706e-01
8.603691977631110488e-01 8.274888550319495772e-01
8.705394592511079832e-01 8.232377114956020980e-01
8.808299414757408963e-01 8.188186431353707828e-01
8.912420655435898675e-01 8.143103260527440046e-01
9.017772693598664624e-01 8.096802997305215799e-01
9.124370078269876672e-01 8.049741605361752095e-01
9.232227530454966136e-01 8.001050522932001696e-01
9.341359945173586254e-01 7.951248380425991469e-01
9.451782393516597880e-01 7.900077469897855975e-01
9.563510124727372386e-01 7.847344247050767052e-01
9.676558568307709329e-01 7.793274770974641941e-01
9.790943336148622000e-01 7.737478626876171939e-01
9.906680224686336134e-01 7.680362597860311835e-01
1.002378521708376047e+00 7.622174201193649967e-01
1.014227448543775001e+00 7.562056068668006059e-01
1.026216439301245176e+00 7.500462634636225756e-01
1.038347149649907042e+00 7.437114926523762382e-01
1.050621254830231166e+00 7.372615511722453441e-01
1.063040449885390260e+00 7.305966068264256874e-01
1.075606449895340599e+00 7.237587989108560382e-01
1.088320990213674344e+00 7.167373436824515665e-01
1.101185826707270277e+00 7.095080907059682085e-01
1.114202735998777172e+00 7.020707382970367005e-01
1.127373515711963758e+00 6.944048433697839195e-01
1.140699984719969473e+00 6.865677982060121032e-01
1.154183983396489088e+00 6.785384177585196408e-01
1.167827373869926522e+00 6.702447491742011820e-01
1.181632040280552687e+00 6.617265656262560913e-01
1.195599889040704689e+00 6.529920432121603113e-01
1.209732849098059004e+00 6.440341218242588983e-01
1.224032872202017286e+00 6.347941449100945599e-01
1.238501933173242309e+00 6.253088376993295450e-01
1.253142030176377153e+00 6.155570874388230918e-01
1.267955184995992246e+00 6.055162655347208212e-01
1.282943443315790022e+00 5.951915052405545303e-01
1.298108875001112938e+00 5.845148096683072669e-01
1.313453574384790601e+00 5.735559300593525700e-01
1.328979660556363962e+00 5.623410034488115494e-01
1.344689277654730786e+00 5.507503029376054071e-01
1.360584595164248567e+00 5.388101830060170183e-01
1.376667808214340649e+00 5.265428458318046623e-01
1.392941137882637515e+00 5.139616836113998222e-01
1.409406831501709867e+00 5.009372747529002856e-01
1.426067162969420155e+00 4.875666660885445980e-01
1.442924433062948264e+00 4.738016562308330348e-01
1.459980969756525138e+00 4.595787832161359887e-01
1.477239128542924718e+00 4.449302954473003391e-01
1.494701292758755296e+00 4.298147441823458870e-01
1.512369873913596896e+00 4.142469613103909598e-01
1.530247312023027106e+00 3.982471461828205328e-01
1.548336075945586199e+00 3.816995547824457713e-01
1.566638663723724401e+00 3.646656405818682334e-01
1.585157602928778386e+00 3.470822085264998469e-01
1.603895451010028284e+00 3.289791957022075719e-01
1.622854795647876935e+00 3.102690945780238740e-01
1.642038255111209599e+00 2.909555372993893885e-01
1.661448478618970714e+00 2.710190636260007002e-01
1.681088146706021247e+00 2.504335743913409518e-01
1.700959971593317688e+00 2.291625282660063601e-01
1.721066697562467107e+00 2.071410086387327487e-01
1.741411101334709999e+00 1.844255069825965210e-01
1.761995992454383764e+00 1.609758592451692172e-01
1.782824213676916569e+00 1.367012858305934886e-01
1.803898641361412647e+00 1.116031579502050342e-01
1.825222185867871216e+00 8.562011420815462959e-02
1.846797791959107204e+00 5.880430308305817366e-02
1.868628439207418834e+00 3.096444169578127514e-02
1.890717142406065143e+00 2.162858444849424799e-03
1.913066951985606057e+00 -2.763537670782545419e-02
1.935680954435162970e+00 -5.858338686239594750e-02
1.958562272728662901e+00 -9.063231979903507707e-02
1.981714066756115278e+00 -1.239298362034688683e-01
2.005139533759991544e+00 -1.584136850142845443e-01
2.028841908776762182e+00 -1.941935834360726254e-01
2.052824465083650018e+00 -2.313627385705150363e-01
2.077090514650671960e+00 -2.699799109438900668e-01
2.101643408598011131e+00 -3.101054401062515176e-01
2.126486537658812459e+00 -3.517637804430300275e-01
2.151623332647432552e+00 -3.951986291179268029e-01
2.177057264933238478e+00 -4.403323830821008755e-01
2.202791846919993635e+00 -4.873578214333729175e-01
2.228830632530926170e+00 -5.363420494389468107e-01
2.255177217699515957e+00 -5.874216368655964526e-01
2.281835240866091574e+00 -6.407467481243700469e-01
2.308808383480298154e+00 -6.963704892489892551e-01
2.336100370509497370e+00 -7.544330853101437473e-01
2.363714970953189720e+00 -8.152163682759754337e-01
2.391655998363500846e+00 -8.787331841361820661e-01
2.419927311371837142e+00 -9.452198376820997172e-01
2.448532814221758613e+00 -1.014821228693472577e+00
2.477476457308144475e+00 -1.087847203070845481e+00
2.506762237722749642e+00 -1.164434657912328142e+00
2.536394199806189409e+00 -1.244912935888440764e+00
2.566376435706469117e+00 -1.329538915645058328e+00
2.596713085944096555e+00 -1.418572418647363609e+00
2.627408339983893892e+00 -1.512411920387681352e+00
2.658466436813549105e+00 -1.611343037194513439e+00
2.689891665529025033e+00 -1.715796255314524288e+00
2.721688365926877573e+00 -1.826226974514820967e+00
2.753860929103570498e+00 -1.943157748085760694e+00
2.786413798061895708e+00 -2.067112087194476810e+00
2.819351468324533538e+00 -2.198638669645405663e+00
2.852678488554892589e+00 -2.338570542180828937e+00
2.886399461185265913e+00 -2.487591432161616378e+00
2.920519043052432373e+00 -2.646608373680375603e+00
2.955041946040756429e+00 -2.816581353320495307e+00
2.989972937732892522e+00 -2.998709682955278399e+00
3.025316842068192624e+00 -3.194180338615218773e+00
3.061078540008877358e+00 -3.404576511739711542e+00
3.097262970214104794e+00 -3.631555292688747549e+00
3.133875129721980901e+00 -3.877136560068719540e+00
3.170920074639659969e+00 -4.143565331896551740e+00
3.208402920841580297e+00 -4.433515814952971645e+00
3.246328844675961278e+00 -4.750352646326221340e+00
3.284703083679659574e+00 -5.097713676578765174e+00
3.323530937301458987e+00 -5.480280645610636547e+00
3.362817767633930366e+00 -5.903656688877013003e+00
3.402569000153919720e+00 -6.374517114771563797e+00
3.442790124471813762e+00 -6.901377363988983049e+00
3.483486695089643703e+00 -7.494598164886600244e+00
3.524664332168154779e+00 -8.167918581069532280e+00
3.566328722302954279e+00 -8.937979365857076530e+00
3.608485619309814041e+00 -9.828377351420133579e+00
3.651140845019280157e+00 -1.086883073917355347e+01
3.694300290080648974e+00 -1.210193787819986255e+01
3.737969914775475022e+00 -1.358742229031298265e+01
3.782155749840665493e+00 -1.541426719478891272e+01
3.826863897301333139e+00 -1.771609527574139520e+01
3.872100531313475535e+00 -2.071685972605606096e+01
3.917871899016613035e+00 -2.479287560581766670e+01
3.964184321396528876e+00 -3.060300795838985621e+01
4.011044194158174925e+00 -3.858567622903267136e+01
4.058457988608930478e+00 -4.311727788892172697e+01
4.106432252552264295e+00 -3.764100993795523209e+01
4.154973611191998373e+00 -2.475463576023804535e+01
4.204088768047236080e+00 -7.853572395401865691e+00
4.253784505878104305e+00 1.035409092852198576e+01
4.304067687622462834e+00 2.748741855849957716e+01
4.354945257343652898e+00 4.111030221290984343e+01
4.406424241189483837e+00 4.832698961450226705e+01
4.458511748362519178e+00 4.616479259920753719e+01
4.511214972101866394e+00 3.823519386247104990e+01
4.564541190676552951e+00 3.191965202768621168e+01
4.618497768390639635e+00 2.751727725605575969e+01
4.673092156600242575e+00 2.431491054681456276e+01
4.728331894742537678e+00 2.187840449784944141e+01
4.784224611376970415e+00 1.995924896138787119e+01
4.840778025238736682e+00 1.840654380880452123e+01
4.897999946304747887e+00 1.712300617036329342e+01
4.955898276872165553e+00 1.604350184225503284e+01
5.014481012649719460e+00 1.512304161890033249e+01
5.073756243861896387e+00 1.432834254892584269e+01
5.133732156366192179e+00 1.363546645713003613e+01
5.194417032783581689e+00 1.302563102429807884e+01
5.255819253642327382e+00 1.248511856666272735e+01
5.317947298535340650e+00 1.200258449269886718e+01
5.380809747291183776e+00 1.156933036464798192e+01
5.444415281158959452e+00 1.117830195196665244e+01
5.508772684007172238e+00 1.082349664373873743e+01
5.573890843536764450e+00 1.050028963898879297e+01
5.639778752508524562e+00 1.020464136536190658e+01
5.706445509984948927e+00 9.933336690446598283e+00
5.773900322586843714e+00 9.683367539078705732e+00
5.842152505764727444e+00 9.452478357463744985e+00
5.911211485085301476e+00 9.238617066566739311e+00
5.981086797533111898e+00 9.039941682939737433e+00
6.051788092827582233e+00 8.855009026606531108e+00
6.123325134755656762e+00 8.682364071546832207e+00
6.195707802520145968e+00 8.521002766564048869e+00
6.268946092104059176e+00 8.369891261683463313e+00
6.343050117651015896e+00 8.227988076754485292e+00
6.418030112862026293e+00 8.094631736427746915e+00
6.493896432408740260e+00 7.969038742363540706e+00
6.570659553363413785e+00 7.850673053333696139e+00
6.648330076645805775e+00 7.738838159851293419e+00
6.726918728487125243e+00 7.633096088505777921e+00
6.806436361911346822e+00 7.533002177997215831e+00
6.886893958233973656e+00 7.438070648174236688e+00
6.968302628578575408e+00 7.348009189712323419e+00
7.050673615411197304e+00 7.262371265440513923e+00
7.134018294092958179e+00 7.180994087893661337e+00
7.218348174450968102e+00 7.103559189733205770e+00
7.303674902367815136e+00 7.029717191793154463e+00
7.390010261389877932e+00 6.959339505275528914e+00
7.477366174354590278e+00 6.892149678067640117e+00
7.565754705037006644e+00 6.828036214042961127e+00
7.655188059815768220e+00 6.766689162358461296e+00
7.745678589358822030e+00 6.708026794962918871e+00
7.837238790329021043e+00 6.651883616425180890e+00
7.929881307109895694e+00 6.598057612975016362e+00
8.023618933551855292e+00 6.546486261215746616e+00
8.118464614738980956e+00 6.496958625558279188e+00
8.214431448776757350e+00 6.449483714052547612e+00
8.311532688600879126e+00 6.403933041615236910e+00
8.409781743807497989e+00 6.360104671778390006e+00
8.509192182505067592e+00 6.318015914247783194e+00
8.609777733188066051e+00 6.277518394788899947e+00
8.711552286632931796e+00 6.238617885153209919e+00
8.814529897816319348e+00 6.201113470209960177e+00
8.918724787856120884e+00 6.165011250059489356e+00
9.024151345975358396e+00 6.130248002737181068e+00
9.130824131489346129e+00 6.096692848061465497e+00
9.238757875816311582e+00 6.064359470095365801e+00
9.347967484511777059e+00 6.033101689268345780e+00
9.458468039327030397e+00 6.002999645694038655e+00
9.570274800291874939e+00 5.973975806314490100e+00
9.683403207822053105e+00 5.945880890885381298e+00
9.797868884851521187e+00 5.918784239358156896e+00
9.913687638990005269e+00 5.892581135229329803e+00
1.003087546470596791e+01 5.867318228419404313e+00
1.014944854553548126e+01 5.842834785429685596e+00
1.026942325631713437e+01 5.819170991126198622e+00
1.039081616545335329e+01 5.796269312524803929e+00
1.051364403719854757e+01 5.774114513372254898e+00
1.063792383397419528e+01 5.752665141790113346e+00
1.076367271871135856e+01 5.731888581859616139e+00
1.089090805722082678e+01 5.711708463901072896e+00
1.101964742059139013e+01 5.692254391589959717e+00
1.114990858761633952e+01 5.673373327711894731e+00
1.128170954724871855e+01 5.655046868263454485e+00
1.141506850108559057e+01 5.637297033878351016e+00
1.155000386588162264e+01 5.620153530050140844e+00
1.168653427609248396e+01 5.603469897006399414e+00
1.182467858644821312e+01 5.587303589070494958e+00
1.196445587455703752e+01 5.571611408699008727e+00
1.210588544353999829e+01 5.556392063313008833e+00
1.224898682469664202e+01 5.541616995482748997e+00
1.239377978020234217e+01 5.527265619225294024e+00
1.254028430583740494e+01 5.513271682970507293e+00
1.268852063374847638e+01 5.499780696731812135e+00
1.283850923524254384e+01 5.486645254102954894e+00
1.299027082361408425e+01 5.473856736765726261e+00
1.314382635700548718e+01 5.461448335954293576e+00
1.329919704130138669e+01 5.449459800082098404e+00
1.345640433305717387e+01 5.437748105797259868e+00
1.361546994246208264e+01 5.426382014707035850e+00
1.377641583633742783e+01 5.415323964219147967e+00
1.393926424117014840e+01 5.404580488192928911e+00
1.410403764618229161e+01 5.394129796073072747e+00
1.427075880643670125e+01 5.383956103728475995e+00
1.443945074597955980e+01 5.373998956275459093e+00
1.461013676101992331e+01 5.364413467791552925e+00
1.478284042314693103e+01 5.355053797427279605e+00
1.495758558258503079e+01 5.345915940115594900e+00
1.513439637148761285e+01 5.337040386833485250e+00
1.531329720726973775e+01 5.328472875699666211e+00
1.549431279598008970e+01 5.320069998153370783e+00
1.567746813571287845e+01 5.311907517727223471e+00
1.586278852006007511e+01 5.303951333756222297e+00
1.605029954160436390e+01 5.296211978367404427e+00
1.624002709545355927e+01 5.288671036205216502e+00
1.643199738281662192e+01 5.281315840618494128e+00
1.662623691462207276e+01 5.274087387694410545e+00
1.682277251517903949e+01 5.267150300078209391e+00
1.702163132588179195e+01 5.260356274787659103e+00
1.722284080895786573e+01 5.253704358058075563e+00
1.742642875126059465e+01 5.247239972340872249e+00
1.763242326810646077e+01 5.241013306253247350e+00
1.784085280715773436e+01 5.234878110089701941e+00
1.805174615235116775e+01 5.228915685814754077e+00
1.826513242787296676e+01 5.223093656597004752e+00
1.848104110218083207e+01 5.217424959114992156e+00
1.869950199207354302e+01 5.211893178960985473e+00
1.892054526680856696e+01 5.206487155396457567e+00
1.914420145226850067e+01 5.201147690663099787e+00
1.937050143517661027e+01 5.196048825418767336e+00
1.959947646736229032e+01 5.191037580123459172e+00
1.983115817007684356e+01 5.186179754320102475e+00
2.006557853836045169e+01 5.181330057793175570e+00
2.030276994546060365e+01 5.176737762784878960e+00
2.054276514730280567e+01 5.172186299671099441e+00
2.078559728701418052e+01 5.167762552818295774e+00
2.103129989950048895e+01 5.163434505367550109e+00
2.127990691607721274e+01 5.159216995810013806e+00
2.153145266915555922e+01 5.155094623727645597e+00
2.178597189698364289e+01 5.151056831289200666e+00
2.204349974844386395e+01 5.147043212047891281e+00
2.230407178790684597e+01 5.143237755798052646e+00
2.256772400014296664e+01 5.139480939530105985e+00
2.283449279529175158e+01 5.135823884705621012e+00
2.310441501389009034e+01 5.132173287897321856e+00
2.337752793195991430e+01 5.128734167203764294e+00
2.365386926615588692e+01 5.125299237932926744e+00
2.393347717897418292e+01 5.121960926334033992e+00
2.421639028402258731e+01 5.118686913436935271e+00
2.450264765135305112e+01 5.115493502527850289e+00
2.479228881285723318e+01 5.112365801497143813e+00
2.508535376772573144e+01 5.109293385401721288e+00
2.538188298797208020e+01 5.106213800073876818e+00
2.568191742402180466e+01 5.103321743429114932e+00
2.598549851036768743e+01 5.100449823736584065e+00
2.629266817129173006e+01 5.097652812388655086e+00
2.660346882665502122e+01 5.094833044360060903e+00
2.691794339775576717e+01 5.092207752384664943e+00
2.723613531325672810e+01 5.089558643448363284e+00
2.755808851518268909e+01 5.086984142322585001e+00
2.788384746498871536e+01 5.084450975664556616e+00
2.821345714970040675e+01 5.082008078088429137e+00
2.854696308812643935e+01 5.079546945168976535e+00
2.888441133714473352e+01 5.077150625522981464e+00
2.922584849806285590e+01 5.074722728929626392e+00
2.957132172305354700e+01 5.072469792902105645e+00
2.992087872166652573e+01 5.070215033191739273e+00
3.027456776741705369e+01 5.068017136452390048e+00
3.063243770445251357e+01 5.065773139047113460e+00
3.099453795429760916e+01 5.063713799529747206e+00
3.136091852267964342e+01 5.061608042672320451e+00
3.173163000643411991e+01 5.059560771277899605e+00
3.210672360049215257e+01 5.057537421245378084e+00
3.248625110495050450e+01 5.055590096580957926e+00
3.287026493222496271e+01 5.053604325567071953e+00
3.325881811428866541e+01 5.051668531275568697e+00
3.365196430999564825e+01 5.049681081227219259e+00
3.404975781249112998e+01 5.047861580657794001e+00
3.445225355670923051e+01 5.046022456573966863e+00
3.485950712695962039e+01 5.044226598705025211e+00
3.527157476460357088e+01 5.042364853019342341e+00
3.568851337582080419e+01 5.040682987965312556e+00
3.611038053946830217e+01 5.038935339247305301e+00
3.653723451503167752e+01 5.037233930576810792e+00
3.696913425067103276e+01 5.035542523945654381e+00
3.740613939136145660e+01 5.033916619998025865e+00
3.784831028713002610e+01 5.032234897627522408e+00
3.829570800139008213e+01 5.030591618966422374e+00
3.874839431937393641e+01 5.028879155785308086e+00
3.920643175666552338e+01 5.027331513168480370e+00
3.966988356783365077e+01 5.025748916773636665e+00
4.013881375516744754e+01 5.024198826328676759e+00
4.061328707751486888e+01 5.022565051995969476e+00
4.109336905922608452e+01 5.021023089933598804e+00
4.157912599920216223e+01 5.019571299177734147e+00
4.207062498005092976e+01 5.018069163984879566e+00
4.256793387735109491e+01 5.016565151189148253e+00
4.307112136902558319e+01 5.015118453616421057e+00
4.358025694482618917e+01 5.013600047390507797e+00
4.409541091592988238e+01 5.012110571472275566e+00
4.461665442464877884e+01 5.010535670482643589e+00
4.514405945425468047e+01 5.009125055813851368e+00
4.567769883892015770e+01 5.007665381733198195e+00
4.621764627377670820e+01 5.006229108471681677e+00
4.676397632509203106e+01 5.004692187393598779e+00
4.731676444056761710e+01 5.003242235540607652e+00
4.787608695975781359e+01 5.001877195162826695e+00
4.844202112461254472e+01 5.000447484941361154e+00
4.901464509014416393e+01 4.999004960816243681e+00
4.959403793522061932e+01 4.997612803314071428e+00
5.018027967348626106e+01 4.996133520660681171e+00
5.077345126441142753e+01 4.994674630242075253e+00
5.137363462447320472e+01 4.993114399504730017e+00
5.198091263846778531e+01 4.991719419970884530e+00
5.259536917095690711e+01 4.990261537155642024e+00
5.321708907784928044e+01 4.988732302896842441e+00
5.384615821811940606e+01 4.987258046701821712e+00
5.448266346566442309e+01 4.985780345598537444e+00
5.512669272130136022e+01 4.984382982572067355e+00
5.577833492490625389e+01 4.982906569575170863e+00
5.643768006769638390e+01 4.981406392810411532e+00
5.710481920465838357e+01 4.979949916947051136e+00
5.777984446712257238e+01 4.978390537952383177e+00
5.846284907548630372e+01 4.976843085585565873e+00
5.915392735208767050e+01 4.975177926864809308e+00
5.985317473423108936e+01 4.973679399772186649e+00
6.056068778736747760e+01 4.972103542174055590e+00
6.127656421842961265e+01 4.970441849233125708e+00
6.200090288932550919e+01 4.968829040130080088e+00
6.273380383059089382e+01 4.967202565045328200e+00
6.347536825520371195e+01 4.965651571790004937e+00
6.422569857256131343e+01 4.964006326335161923e+00
6.498489840262315909e+01 4.962325453732079339e+00
6.575307259022071094e+01 4.960680931844094310e+00
6.653032721953611883e+01 4.958916646834605757e+00
6.731676962875282300e+01 4.957154996901767419e+00
6.811250842487852708e+01 4.955258167163977490e+00
6.891765349874386004e+01 4.953528526320900127e+00
6.973231604017803420e+01 4.951705750615241541e+00
7.055660855336432746e+01 4.949781395529415207e+00
7.139064487237665446e+01 4.947898729415491026e+00
7.223454017689996931e+01 4.945990598568071661e+00
7.308841100813654634e+01 4.944151725273123965e+00
7.395237528489995782e+01 4.942201854817525941e+00
7.482655231989996025e+01 4.940202620835540515e+00
7.571106283621922728e+01 4.938230627179123644e+00
7.660602898398514071e+01 4.936120239994407299e+00
7.751157435723867195e+01 4.934001394198888057e+00
7.842782401100238587e+01 4.931728168455870254e+00
7.935490447855079310e+01 4.929620310003835826e+00
8.029294378888425854e+01 4.927401323378536091e+00
8.124207148440976312e+01 4.925063021229062699e+00
8.220241863883039457e+01 4.922756953343366604e+00
8.317411787524687838e+01 4.920410922903627693e+00
8.415730338447244208e+01 4.918125231744599368e+00
8.515211094356453714e+01 4.915681894437788912e+00
8.615867793457562129e+01 4.913227703564661653e+00
8.717714336352509008e+01 4.910760953198650469e+00
8.820764787959649311e+01 4.908134707436120792e+00
8.925033379456067451e+01 4.905485927783162836e+00
9.030534510242907231e+01 4.902661236137735301e+00
9.137282749933882542e+01 4.899995646756379664e+00
9.245292840367378062e+01 4.897197821127258877e+00
9.354579697642257941e+01 4.894260157027154889e+00
9.465158414177761870e+01 4.891341536839822979e+00
9.577044260797775621e+01 4.888364376066959949e+00
9.690252688839673567e+01 4.885434211851418240e+00
9.804799332288196467e+01 4.882321938810081363e+00
9.920700009934446939e+01 4.879182338190176438e+00
1.003797072756046731e+02 4.876010920766061574e+00
1.015662768014963149e+02 4.872655658266658918e+00
1.027668725412311517e+02 4.869259291205366935e+00
1.039816602960290766e+02 4.865662495054019487e+00
1.052108078270147473e+02 4.862211265879368582e+00
1.064544848783854434e+02 4.858602479297290166e+00
1.077128632008521407e+02 4.854829576258659074e+00
1.089861165753588068e+02 4.851056840391697378e+00
1.102744208370809673e+02 4.847201096843341439e+00
1.115779538997084472e+02 4.843372266949626415e+00
1.128968957800152850e+02 4.839332526299362058e+00
1.142314286227193918e+02 4.835243231454928292e+00
1.155817367256372705e+02 4.831095623189295196e+00
1.169480065651349037e+02 4.826735630299108237e+00
1.183304268218802520e+02 4.822309449916406976e+00
1.197291884068993966e+02 4.817654526979310958e+00
1.211444844879418667e+02 4.813120482004869416e+00
1.225765105161565032e+02 4.808397940390656267e+00
1.240254642530831859e+02 4.803481992748633189e+00
1.254915457979636955e+02 4.798538960808121701e+00
1.269749576153746773e+02 4.793480169483010478e+00
1.284759045631885783e+02 4.788418285703077260e+00
1.299945939208639629e+02 4.783111067655282156e+00
1.315312354180705370e+02 4.777723767142008526e+00
1.330860412636529304e+02 4.771960321714182385e+00
1.346592261749360375e+02 4.765198039827494014e+00
1.362510074073778981e+02 4.758971690174480962e+00
1.378616047845721369e+02 4.753693014202790224e+00
1.394912407286057032e+02 4.748634013006562071e+00
1.411401402907743545e+02 4.742645483477618384e+00
1.428085311826632449e+02 4.735623556434791048e+00
1.444966438075927613e+02 4.728922192269891411e+00
1.462047112924375085e+02 4.723217336216725570e+00
1.479329695198208299e+02 4.717317849435260335e+00
1.496816571606894684e+02 4.709221719740735779e+00
1.514510157072747347e+02 4.700562239385813079e+00
1.532412895064417739e+02 4.693349559315832309e+00
1.550527257934337797e+02 4.687470265144209947e+00
1.568855747260151645e+02 4.680349254782215418e+00
1.587400894190173517e+02 4.671282565820760624e+00
1.606165259792949200e+02 4.661876710305608462e+00
1.625151435410928400e+02 4.654281327547933778e+00
1.644362043018331860e+02 4.647229115241013453e+00
1.663799735583236270e+02 4.638293982054451980e+00
1.683467197433957097e+02 4.628110174720378112e+00
1.703367144629744701e+02 4.618657775998262771e+00
1.723502325335872740e+02 4.610513617182340873e+00
1.743875520203158089e+02 4.601308057480421709e+00
1.764489542751958595e+02 4.590605395426765156e+00
1.785347239760730247e+02 4.579866701342190538e+00
1.806451491659156545e+02 4.570345176182881275e+00
1.827805212925937042e+02 4.560308041812892732e+00
1.849411352491266030e+02 4.549007979508964183e+00
1.871272894144090913e+02 4.537359006786237714e+00
1.893392856944160485e+02 4.526370295401475730e+00
1.915774295638957767e+02 4.515106786714696341e+00
1.938420301085560311e+02 4.502857894501261171e+00
1.961334000677476013e+02 4.490396272393788024e+00
1.984518558776545376e+02 4.478099711330492561e+00
2.007977177149929560e+02 4.465434022158296656e+00
2.031713095412274015e+02 4.452074237736386664e+00
2.055729591473097742e+02 4.438544125567780441e+00
2.080029981989461021e+02 4.424701878559060830e+00
2.104617622824007128e+02 4.410670427401825577e+00
2.129495909508393083e+02 4.396187650513237344e+00
2.154668277712216877e+02 4.381178410184308092e+00
2.180138203717469025e+02 4.365723724798962202e+00
2.205909204898618725e+02 4.350439346347430458e+00
2.231984840208350818e+02 4.334454207962255445e+00
2.258368710669056725e+02 4.317485717605460849e+00
2.285064459870133931e+02 4.300721580104641006e+00
2.312075774471154546e+02 4.283752398172151032e+00
2.339406384711002147e+02 4.265463540087436556e+00
2.367060064923006450e+02 4.247141657304450035e+00
2.395040634056179556e+02 4.229013818486409448e+00
2.423351956202599808e+02 4.209440262941412492e+00
2.451997941131054404e+02 4.189481062856803106e+00
2.480982544826964897e+02 4.169950201812283375e+00
2.510309770038707882e+02 4.149081499112113214e+00
2.539983666830394498e+02 4.127535825395582947e+00
2.570008333141168464e+02 4.106387515979122327e+00
2.600387915351145125e+02 4.083885900154938575e+00
2.631126608854011693e+02 4.060623779073385009e+00
2.662228658636410614e+02 4.037564634653713291e+00
2.693698359864171152e+02 4.013121226735679947e+00
2.725540058475456817e+02 3.988105327487258656e+00
2.757758151780950584e+02 3.963026169695147871e+00
2.790357089071112568e+02 3.936679411751631275e+00
2.823341372230624984e+02 3.909945748841525237e+00
2.856715556360088044e+02 3.882673494197929731e+00
2.890484250405094144e+02 3.854275126189052436e+00
2.924652117792705894e+02 3.825332298454627633e+00
2.959223877075474434e+02 3.795550444638839949e+00
2.994204302583071353e+02 3.764895039272805555e+00
3.029598225081606415e+02 3.733451789013681577e+00
3.065410532440771476e+02 3.701312993950740982e+00
3.101646170308836190e+02 3.668122143073495156e+00
3.138310142795644424e+02 3.634144151885067231e+00
3.175407513163679027e+02 3.599311840831635578e+00
3.212943404527278517e+02 3.563182004216424836e+00
3.250923000560159153e+02 3.526472862237978401e+00
3.289351546211258892e+02 3.488336687133144487e+00
3.328234348429066927e+02 3.449442011598582880e+00
3.367576776894498494e+02 3.409339732835016346e+00
3.407384264762458770e+02 3.368015979009238769e+00
3.447662309412147579e+02 3.325929724430978229e+00
3.488416473206242472e+02 3.282127398686890185e+00
3.529652384259061932e+02 3.237599512657709067e+00
3.571375737213788852e+02 3.191326150352992386e+00
3.613592294028915148e+02 3.144143243083771910e+00
3.656307884773950718e+02 3.095286630164709951e+00
3.699528408434558173e+02 3.045261709123062488e+00
3.743259833727180990e+02 2.993612766388068724e+00
3.787508199923343000e+02 2.940464858806571158e+00
3.832279617683649349e+02 2.885816691260628897e+00
3.877580269901667975e+02 2.829518507161385976e+00
3.923416412557786543e+02 2.771610483324912888e+00
3.969794375583139754e+02 2.711926971804234920e+00
4.016720563733793483e+02 2.650476669643492933e+00
4.064201457475219286e+02 2.587114427168842212e+00
4.112243613877244002e+02 2.521950974902996467e+00
4.160853667519581336e+02 2.454707621788124960e+00
4.210038331408042609e+02 2.385472762345796749e+00
4.259804397901624498e+02 2.314035831060686554e+00
4.310158739650509574e+02 2.240517128260420598e+00
4.361108310545181439e+02 2.164476223789350673e+00
4.412660146676734598e+02 2.086300473072864925e+00
4.464821367308578033e+02 2.005405817623501896e+00
4.517599175859583056e+02 1.922198816671493393e+00
4.571000860898870428e+02 1.836091304392736490e+00
4.625033797152363491e+02 1.747371989462926045e+00
4.679705446521211343e+02 1.655741112541036841e+00
4.735023359112297499e+02 1.561062899848052687e+00
4.790995174280886317e+02 1.463420625172889844e+00
4.847628621685620942e+02 1.362426399457723480e+00
4.904931522355960851e+02 1.258143581013454249e+00
4.962911789772289808e+02 1.150366798293136927e+00
5.021577430958740820e+02 1.039026427142732967e+00
5.080936547588964913e+02 9.238708989053283638e-01
5.140997337104968210e+02 8.049138176156911406e-01
5.201768093849153729e+02 6.819231480046905602e-01
5.263257210209791310e+02 5.546527927728786000e-01
5.325473177779977050e+02 4.232204903973155741e-01
5.388424588530327810e+02 2.872319858177407870e-01
5.452120135995519377e+02 1.466131685084525182e-01
5.516568616474841065e+02 1.358237419431640447e-03
5.581778930246990740e+02 -1.488563764813526369e-01
5.647760082799168231e+02 -3.040928376007761003e-01
5.714521186070738850e+02 -4.643154628154100294e-01
5.782071459711564785e+02 -6.297533032087796467e-01
5.850420232355260168e+02 -8.004468472792547473e-01
5.919576942907444845e+02 -9.762832208884755225e-01
5.989551141849258329e+02 -1.157249546671496265e+00
6.060352492556276047e+02 -1.343291116960571241e+00
6.131990772632987046e+02 -1.534069578245096377e+00
6.204475875263115086e+02 -1.729256493515816562e+00
6.277817810575828616e+02 -1.928402416419029208e+00
6.352026707028143164e+02 -2.130690741107584163e+00
6.427112812803633233e+02 -2.335219119121532572e+00
6.503086497227728842e+02 -2.540706426651246908e+00
6.579958252199686513e+02 -2.745430435907489475e+00
6.657738693641521195e+02 -2.947129717698668827e+00
6.736438562964059429e+02 -3.143272615446786489e+00
6.816068728550289961e+02 -3.330263226839270452e+00
6.896640187256322179e+02 -3.503751769820673267e+00
6.978164065930016022e+02 -3.658419556261980787e+00
7.060651622947591477e+02 -3.787818582724423067e+00
7.144114249768412037e+02 -3.884424738818306189e+00
7.228563472508104724e+02 -3.939279471703804880e+00
7.314010953530349752e+02 -3.942451474080423068e+00
7.400468493057417163e+02 -3.883100126391576090e+00
7.487948030799775552e+02 -3.750335299531506905e+00
7.576461647604932068e+02 -3.535281899534838068e+00
7.666021567125825413e+02 -3.227604831987789247e+00
7.756640157508878701e+02 -2.820483031707758492e+00
7.848329933102031646e+02 -2.313426230332749522e+00
7.941103556182971488e+02 -1.711336614128775135e+00
8.034973838707750247e+02 -1.025222802529662580e+00
8.129953744080153228e+02 -2.737058262517499951e-01
8.226056388941897239e+02 5.192973168753418634e-01
8.323295044984043898e+02 1.325498069542468738e+00
8.421683140779807673e+02 2.113055335773575294e+00
8.521234263639004212e+02 2.854808902895947575e+00
8.621962161484490252e+02 3.525565546516269411e+00
8.723880744750708800e+02 4.105503418942465288e+00
8.827004088304728384e+02 4.581555261402097123e+00
8.931346433389927597e+02 4.947514977019951132e+00
9.036922189592755785e+02 5.202998241301279414e+00
9.143745936832650614e+02 5.352629743743151813e+00
9.251832427375516090e+02 5.404404845460317297e+00
9.361196587871008887e+02 5.368537565296916725e+00
9.471853521413861472e+02 5.255785376363415473e+00
9.583818509629658138e+02 5.076957842843378366e+00
9.697107014785176489e+02 4.842256025924244867e+00
9.811734681923737753e+02 4.560669195266785714e+00
9.927717341025725091e+02 4.240220413026312585e+00
1.004507100919475988e+03 3.887595990695022596e+00
1.016381189286959966e+03 3.508548983393820375e+00
1.028395639006225110e+03 3.108098966703732646e+00
1.040552109262252770e+03 2.690259001496952074e+00
1.052852278852932614e+03 2.258792758985581628e+00
1.065297846420910219e+03 1.816951741556646738e+00
1.077890530688162926e+03 1.368097760895788051e+00
1.090632070693355445e+03 9.154598718771909116e-01
1.103524226032000797e+03 4.627938663359710825e-01
1.116568777099453882e+03 1.432016661296886539e-02
1.129767525336789959e+03 -4.249547441344119214e-01
1.143122293479576911e+03 -8.488748602984912406e-01
1.156634925809596325e+03 -1.249930811171739986e+00
1.170307288409532248e+03 -1.619031576038384657e+00
1.184141269420682193e+03 -1.945282561375492048e+00
1.198138779303704041e+03 -2.215981001633454905e+00
1.212301751102448861e+03 -2.416762064769717888e+00
1.226632140710915564e+03 -2.532259765944359309e+00
1.241131927143351049e+03 -2.547109563777767427e+00
1.255803112807559955e+03 -2.447535918855509696e+00
1.270647723781428795e+03 -2.223505877857169910e+00
1.285667810092729042e+03 -1.871133457383501675e+00
1.300865446002218050e+03 -1.394870743428245685e+00
1.316242730290101917e+03 -8.091305597845752651e-01
1.331801786545868481e+03 -1.386166633667840209e-01
1.347544763461555249e+03 5.830471037002282753e-01
1.363473835128483188e+03 1.316073758467839694e+00
1.379591201337490929e+03 2.018542808099363928e+00
1.395899087882732829e+03 2.650734268912569913e+00
1.412399746869053615e+03 3.179279184766266475e+00
1.429095457023002609e+03 3.579917720693420957e+00
1.445988524007526394e+03 3.838806717463224771e+00
1.463081280740372449e+03 3.952270249066965668e+00
1.480376087716271968e+03 3.925451189216959680e+00
1.497875333332916398e+03 3.769994888768579244e+00
1.515581434220795472e+03 3.501943695541496204e+00
1.533496835576926287e+03 3.139720172457232117e+00
1.551624011502542089e+03 2.702777746341885834e+00
1.569965465344756467e+03 2.210855813025039751e+00
1.588523730042276156e+03 1.683528677713753918e+00
1.607301368475198387e+03 1.140565548743709190e+00
1.626300973818936427e+03 6.020127342855685626e-01
1.645525169902344032e+03 8.877146508298427996e-02
1.664976611570057912e+03 -3.773230529939770594e-01
1.684657985049130730e+03 -7.734490711765429349e-01
1.704572008319998758e+03 -1.076670845899195594e+00
1.724721431491825570e+03 -1.265247634445047176e+00
1.745109037182299517e+03 -1.320985531868848817e+00
1.765737640901904797e+03 -1.232120672420849772e+00
1.786610091442744306e+03 -9.965634905434777036e-01
1.807729271271947482e+03 -6.245324846151869558e-01
1.829098096929747499e+03 -1.396964779536142842e-01
1.850719519432246670e+03 4.215335773052517609e-01
1.872596524678949891e+03 1.013294800363488513e+00
1.894732133865117021e+03 1.585195953652362988e+00
1.917129403898979490e+03 2.088455537593683076e+00
1.939791427823908862e+03 2.481634644808580425e+00
1.962721335245554201e+03 2.735270268899957280e+00
1.985922292764043732e+03 2.834252026418487613e+00
2.009397504411280352e+03 2.778109584461535775e+00
2.033150212093427399e+03 2.579472016162601911e+00
2.057183696038608105e+03 2.261436764588774295e+00
2.081501275249893297e+03 1.854695598379696664e+00
2.106106307963675135e+03 1.394872142990035924e+00
2.131002192113406636e+03 9.204271447538270312e-01
2.156192365798885930e+03 4.706407314183838064e-01
2.181680307761025688e+03 8.370404028999656187e-02
2.207469537862275502e+03 -2.058078397276015270e-01
2.233563617572727708e+03 -3.700587471070189149e-01
2.259966150461919824e+03 -3.917522477495514188e-01
2.286680782696521419e+03 -2.675535807850686343e-01
2.313711203543834927e+03 -1.054593813073445574e-02
2.341061145881293214e+03 3.496546686851944585e-01
2.368734386711980733e+03 7.695530754153134811e-01
2.396734747686206447e+03 1.197143942801480954e+00
2.425066095629285428e+03 1.579302263902834458e+00
2.453732343075556400e+03 1.869430055901994514e+00
2.482737448808667068e+03 2.034255567174032997e+00
2.512085418408318219e+03 2.058112775239819392e+00
2.541780304803394301e+03 1.944498023360995420e+00
2.571826208831685108e+03 1.714666161770363129e+00
2.602227279806224487e+03 1.404079542472022268e+00
2.632987716088267916e+03 1.057517641309291268e+00
2.664111765667128111e+03 7.233535757171770664e-01
2.695603726746777738e+03 4.476806236794259597e-01
2.727467948339446593e+03 2.681125059707326619e-01
2.759708830866230983e+03 2.082585966275127820e-01
2.792330826764750327e+03 2.736199746592018478e-01
2.825338441104069261e+03 4.497766279765795794e-01
2.858736232206803834e+03 7.041628713225404068e-01
2.892528812278639634e+03 9.911719097131779233e-01
2.926720848045290040e+03 1.260293863301333639e+00
2.961317061396926874e+03 1.465292646811024557e+00
2.996322230040315844e+03 1.572831498926491767e+00
3.031741188158572641e+03 1.568607693293417871e+00
3.067578827078776612e+03 1.459615147755117581e+00
3.103840095947476584e+03 1.272443534537317955e+00
3.140530002414122009e+03 1.047595579212621697e+00
3.177653613322665478e+03 8.313478123007975729e-01
3.215216055411241541e+03 6.665911396091512842e-01
3.253222516020187868e+03 5.840891400309443648e-01
3.291678243808430125e+03 5.962697531293016384e-01
3.330588549478277855e+03 6.946759069814206766e-01
3.369958806508847374e+03 8.522142605016451711e-01
3.409794451898155785e+03 1.029522381095274497e+00
3.450100986913917041e+03 1.184329921178854717e+00
3.490883977853318356e+03 1.281642044869522268e+00
3.532149056811671016e+03 1.301985203021916560e+00
3.573901922460218884e+03 1.245998395942987225e+00
3.616148340833142811e+03 1.133589949132470798e+00
3.658894146123793234e+03 9.981462825105977821e-01
3.702145241490445642e+03 8.772750863502397634e-01
3.745907599871469756e+03 8.023024570466519290e-01
3.790187264810210308e+03 7.899602925429105582e-01
3.834990351289616228e+03 8.382344758896780323e-01
3.880323046576663273e+03 9.279578227230335097e-01
3.926191611076869322e+03 1.029154013332807427e+00
3.972602379198798644e+03 1.110478363890344378e+00
4.019561760228859384e+03 1.148914132468740190e+00
4.067076239216446993e+03 1.136471153310419036e+00
4.115152377869465454e+03 1.082164859267076951e+00
4.163796815460559628e+03 1.008025142509861194e+00
4.213016269743934572e+03 9.408977972383938404e-01
4.262817537883096520e+03 9.029875978606560771e-01
4.313207497389561468e+03 9.042324412847548842e-01
4.364193107072581370e+03 9.397765441475874892e-01
4.415781408000176270e+03 9.927389320805435347e-01
4.467979524471525110e+03 1.041516617045720183e+00
4.520794665000762507e+03 1.068187578336619259e+00
4.574234123312543488e+03 1.065135199150601508e+00
4.628305279349231569e+03 1.037319690673969896e+00
4.683015600290094881e+03 9.991127282338947424e-01
4.738372641582542201e+03 9.676553174420736703e-01
4.794384047985457073e+03 9.552158896954844325e-01
4.851057554625012017e+03 9.643881875190740693e-01
4.908400988062811848e+03 9.881052151474283285e-01
4.966422267376765376e+03 1.013675452204163552e+00
5.025129405254732774e+03 1.029283323073475920e+00
5.084530509101001371e+03 1.029212818554699149e+00
5.144633782155990048e+03 1.015998856257429139e+00
5.205447524629042164e+03 9.981217641353403724e-01
5.266980134844701752e+03 9.850787762035124739e-01
5.329240110402553000e+03 9.825581614407682407e-01
5.392236049350651228e+03 9.899400967732032708e-01
5.455976651372996457e+03 1.001670720556146810e+00
5.520470718990873138e+03 1.010802632266448731e+00
5.585727158778504418e+03 1.012923090703658824e+00
5.651754982593075511e+03 1.008293864977250376e+00
5.718563308819197118e+03 1.000789241423535758e+00
5.786161363628178151e+03 9.952229347806714754e-01
5.854558482252186877e+03 9.942894285579386704e-01
5.923764110273359620e+03 9.975418100615252026e-01
5.993787804928317200e+03 1.002167395457887134e+00
6.064639236427931792e+03 1.005127214254252221e+00
6.136328189292808020e+03 1.005094723932284939e+00
6.208864563704553802e+03 1.002765086726789434e+00
6.282258376872900044e+03 1.000127775295807098e+00
6.356519764419170315e+03 9.988438630345569669e-01
6.431658981775911343e+03 9.993068970320062583e-01
6.507686405603197272e+03 1.000849880053258811e+00
6.584612535221674989e+03 1.002265459628730593e+00
6.662447994062424186e+03 1.002781608596453822e+00
6.741203531134145123e+03 1.002263235925946683e+00
6.820890022507495814e+03 1.001297660733884598e+00
6.901518472817106158e+03 1.000622341708870877e+00
6.983100016781353588e+03 1.000675537976115859e+00
7.065645920739955727e+03 1.001445338808420127e+00
7.149167584209960296e+03 1.002417593576701016e+00
7.233676541459904001e+03 1.003056040682702710e+00
7.319184463102727932e+03 1.003195726360266216e+00
7.405703157707528590e+03 1.003190568846196173e+00
7.493244573430214587e+03 1.003822862866524002e+00
7.581820799663587422e+03 1.005415511369668113e+00
7.671444068706917278e+03 1.007895777104993451e+00
7.762126757455108418e+03 1.010816618216995755e+00
7.853881389108060830e+03 1.014170258721347029e+00
7.946720634900004370e+03 1.018003277222905512e+00
8.040657315849427505e+03 1.023006287994593810e+00
8.135704404529704334e+03 1.028822118781186123e+00
8.231875026860476282e+03 1.035543394385703753e+00
8.329182463920466034e+03 1.039466851913255496e+00
8.427640153781461777e+03 1.039671044703702085e+00
8.527261693364158418e+03 1.036193442615439553e+00
8.628060840315925816e+03 1.028297237155146204e+00
8.730051514910612241e+03 1.016627478279517716e+00
8.833247801971061563e+03 1.002357893520716470e+00
8.937663952814085860e+03 9.886412132093946870e-01
9.043314387218619231e+03 9.769335762116583277e-01
9.150213695417129202e+03 9.690204580466806883e-01
9.258376640110385779e+03 9.661673859329905634e-01
9.367818158506323016e+03 9.669695294114178941e-01
9.478553364382734799e+03 9.701885885949502741e-01
9.590597550174514254e+03 9.747982807890435142e-01
9.703966189085595033e+03 9.793060232380291774e-01
9.818674937225670874e+03 9.838326538104624763e-01
9.934739635772340989e+03 9.873804372449772604e-01
1.005217631315883955e+04 9.905358851590981839e-01
1.017100118728736379e+04 9.928334570836186979e-01
1.029123066776898304e+04 9.947685827950588644e-01
1.041288135818959381e+04 9.961353341900058833e-01
1.053597005840294514e+04 9.972922858990520556e-01
1.066051376685073774e+04 9.981875029087343698e-01
1.078652968290995341e+04 9.988739396072544574e-01
1.091403520926823876e+04 9.993477443696190399e-01
1.104304795432705396e+04 9.997406920580311773e-01
1.117358573463343964e+04 1.000059146505881680e+00
1.130566657734053661e+04 1.000281053489651795e+00
1.143930872269696010e+04 1.000457451039824974e+00
1.157453062656594557e+04 1.000598001014913585e+00
1.171135096297392374e+04 1.000736368664624010e+00
1.184978862668946022e+04 1.000824901432434633e+00
1.198986273583267575e+04 1.000897729329028651e+00
1.213159263451527477e+04 1.000976518330058074e+00
1.227499789551214417e+04 1.001013720469423829e+00
1.242009832296416243e+04 1.001056763863759969e+00
1.256691395511321207e+04 1.001044343439578377e+00
1.271546506706952096e+04 1.001068310668963734e+00
1.286577217361147450e+04 1.001109956294140124e+00
1.301785603201877530e+04 1.001103722574404165e+00
1.317173764493908129e+04 1.001121843403233846e+00
1.332743826328826435e+04 1.001125237439854043e+00
1.348497938918536420e+04 1.001170640803238143e+00
1.364438277892181759e+04 1.001175331017656323e+00
1.380567044596606138e+04 1.001189534332022957e+00
1.396886466400366953e+04 1.001216860451809021e+00
1.413398797001311686e+04 1.001209460532387130e+00
1.430106316737835550e+04 1.001217731306650816e+00
1.447011332903774019e+04 1.001176829989502082e+00
1.464116180067045570e+04 1.001177889425339362e+00
1.481423220392064104e+04 1.001202835072088293e+00
1.498934843965929394e+04 1.001180553833378895e+00
1.516653469128520919e+04 1.001187630203938639e+00
1.534581542806447578e+04 1.001180334359831114e+00
1.552721540850973906e+04 1.001218762377360738e+00
1.571075968379943515e+04 1.001216219876099878e+00
1.589647360123711587e+04 1.001225366686477658e+00
1.608438280775213752e+04 1.001247937916651676e+00
1.627451325344125689e+04 1.001235943341429069e+00
1.646689119515241691e+04 1.001240531497340491e+00
1.666154320011089294e+04 1.001196332158676316e+00
1.685849614958796155e+04 1.001194725559226617e+00
1.705777724261346521e+04 1.001217729734088513e+00
1.725941399973172520e+04 1.001193330174707352e+00
1.746343426680220728e+04 1.001199005787540175e+00
1.766986621884512351e+04 1.001190214959305047e+00
1.787873836393215242e+04 1.001227740819522039e+00
1.809007954712350693e+04 1.001224112343768624e+00
1.830391895445149567e+04 1.001232542561721006e+00
1.852028611695085419e+04 1.001254376282774805e+00
1.873921091473723573e+04 1.001241612344568210e+00
1.896072358113337759e+04 1.001245561865286238e+00
1.918485470684439497e+04 1.001200783637299363e+00
1.941163524418247107e+04 1.001198682059742939e+00
1.964109651134104570e+04 1.001221367409748986e+00
1.987327019672016104e+04 1.001196554570101815e+00
2.010818836330232079e+04 1.001201987028732088e+00
2.034588345308047064e+04 1.001192890422601955e+00
2.058638829153834740e+04 1.001230248320308158e+00
2.082973609218334968e+04 1.001226415623142518e+00
2.107596046113363627e+04 1.001234706241309391e+00
2.132509540175879010e+04 1.001256402882037433e+00
2.157717531937580497e+04 1.001243477894810940e+00
2.183223502600054053e+04 1.001247302222382229e+00
2.209030974515493654e+04 1.001202424162092042e+00
2.235143511673168905e+04 1.001200227854331937e+00
2.261564720191579909e+04 1.001222831958288095e+00
2.288298248816470368e+04 1.001197949829307543e+00
2.315347789424731673e+04 1.001203337246363123e+00
2.342717077534218333e+04 1.001194198018659609e+00
2.370409892819635206e+04 1.001231518816483090e+00
2.398430059634521240e+04 1.001227651154873222e+00
2.426781447539354485e+04 1.001235945201484068e+00
2.455467971835976277e+04 1.001257605572248188e+00
2.484493594108254183e+04 1.001244682040094425e+00
2.513862322769189268e+04 1.001248498705127998e+00
2.543578213614488777e+04 1.001203667528340668e+00
